1
11
3
23
24
18
15
5
14
21
92
19
7
7
26
20
36
5
5
14
59
64
4
4
3
23
24
18
15
5
14
21
60
22
79
22
55
22
61
22
62
22
78
7
7
26
20
36
5
5
14
27
46
22
28
29
35
4
4
3
27
18
14
23
4
4
3
27
18
14
220
4
4
3
27
18
14
43
4
4
3
23
24
18
15
5
14
21
174
7
7
26
20
36
5
5
14
72
4
4
3
27
18
14
34
4
4
3
23
25
18
15
5
14
21
176
7
7
27
20
36
5
5
14
46
48
4
4
3
27
18
14
198
4
4
3
23
25
18
15
5
14
21
139
57
21
21
12
7
7
27
20
36
5
5
14
58
4
4
3
27
18
14
205
4
4
3
23
25
18
15
5
14
21
97
7
7
27
20
36
5
5
14
81
4
4
3
27
18
14
107
4
4
3
23
25
18
15
5
14
21
124
40
172
7
7
27
20
36
5
5
14
30
4
4
3
27
18
14
31
4
4
3
23
25
18
15
5
22
29
14
12
12
12
12
12
12
9
6
6
5
14
21
73
7
7
27
20
36
5
5
14
16
4
4
3
27
18
14
91
4
4
3
23
25
18
15
5
14
21
139
57
21
21
12
7
7
27
20
36
5
5
14
72
4
4
3
23
25
18
15
5
22
29
14
12
12
12
12
12
12
12
12
12
6
6
5
14
21
73
7
7
27
20
36
5
5
14
16
4
4
3
27
18
14
17
4
4
3
27
18
14
142
4
4
3
23
25
18
15
5
14
21
67
12
22
72
7
7
27
20
36
5
5
14
34
9
57
50
58
50
49
49
7
4
4
3
23
25
18
15
5
22
29
14
202
200
202
200
202
200
210
207
6
6
5
14
21
73
7
7
27
20
36
5
5
14
47
56
29
14
4
4
3
27
18
14
27
4
4
3
27
18
14
66
4
4
3
23
25
18
15
5
14
21
174
7
7
27
20
36
5
5
14
38
4
4
3
23
25
18
15
5
14
21
184
207
184
180
7
7
27
20
36
5
5
14
34
53
47
80
4
4
3
23
25
18
15
5
14
21
140
57
21
21
15
140
57
21
21
15
140
57
21
21
12
7
7
27
20
36
5
5
14
27
27
22
4
4
3
23
25
18
15
5
14
21
165
57
21
21
15
140
57
21
21
15
167
57
21
21
12
7
7
27
20
36
5
5
14
72
41
69
4
4
3
27
18
14
23
4
4
3
23
25
18
15
5
22
29
14
12
12
11
6
6
5
14
20
43
559
548
548
382
112
21
21
15
466
15
8
21
174
174
174
140
57
21
21
15
146
7
7
20
34
5
5
14
44
30
34
9
41
32
4
4
3
27
18
14
25
4
4
3
27
18
14
36
4
4
3
27
18
14
108
4
4
3
23
25
18
15
5
22
29
14
12
12
12
11
6
5
5
14
56
4
4
3
27
18
14
521
4
4
3
27
18
14
33
4
4
3
23
25
18
15
5
14
21
121
7
7
27
20
36
5
5
14
59
4
4
3
23
25
18
15
5
22
29
14
15
15
15
15
15
15
15
15
14
6
6
5
14
21
73
7
7
27
20
36
5
5
14
23
37
47
14
37
47
14
24
47
14
29
14
4
4
3
27
18
14
46
4
4
3
23
25
18
15
5
14
21
177
177
7
7
27
20
36
5
5
14
66
78
4
4
3
23
25
18
15
5
22
29
14
17
15
17
16
17
16
6
6
5
14
20
43
475
15
8
21
144
7
7
20
34
5
5
14
39
28
30
4
4
3
23
25
18
15
5
22
29
14
19
19
6
6
5
14
20
43
475
15
8
21
144
7
7
20
34
5
5
14
29
41
4
4
3
23
25
18
15
5
22
29
14
12
12
12
12
15
15
6
6
5
14
20
43
475
15
8
21
144
7
7
20
34
5
5
14
32
29
41
4
4
3
27
18
14
111
4
4
3
27
18
14
15
4
4
3
23
25
18
15
5
14
21
84
7
7
27
20
36
5
5
14
41
4
4
3
23
25
18
15
5
14
21
73
7
7
27
20
36
5
5
14
43
4
4
3
23
25
18
15
5
14
21
207
247
7
7
27
20
36
5
5
14
30
27
34
40
33
4
4
3
23
25
18
15
5
14
21
190
7
7
27
20
36
5
5
14
55
34
112
45
35
45
47
4
4
3
23
25
18
15
5
22
29
14
12
24
14
38
37
31
28
16
27
34
109
33
18
18
39
32
6
6
5
14
20
43
596
15
8
21
144
7
7
20
34
5
5
14
31
4
4
3
23
25
18
15
5
14
21
189
7
7
27
20
36
5
5
14
50
4
4
3
23
27
18
17
14
28
39
56
64
4
4
3
23
27
18
17
14
40
32
64
4
4
3
23
27
18
17
15
3
3
14
17
27
23
18
4
20
37
30
30
19
34
22
3
3
15
20
1
